   4.8000000e+01   4.5000000e+01   4.5000000e+01   4.9000000e+01   4.5000000e+01   4.9000000e+01   4.9000000e+01
   4.5000000e+01   4.8000000e+01   4.5000000e+01   4.9000000e+01   4.9000000e+01   4.9000000e+01   4.5000000e+01
   4.8000000e+01   4.9000000e+01   4.5000000e+01   4.5000000e+01   4.5000000e+01   4.9000000e+01   4.9000000e+01
   4.9000000e+01   4.5000000e+01   4.5000000e+01   4.9000000e+01   4.9000000e+01   4.9000000e+01   4.5000000e+01
   4.9000000e+01   4.8000000e+01   4.9000000e+01   4.5000000e+01   4.9000000e+01   4.5000000e+01   4.5000000e+01
   4.5000000e+01   4.8000000e+01   4.9000000e+01   4.9000000e+01   4.5000000e+01   4.5000000e+01   4.5000000e+01
   4.5000000e+01   4.9000000e+01   4.9000000e+01   4.5000000e+01   4.5000000e+01   4.5000000e+01   4.9000000e+01
   4.9000000e+01   4.5000000e+01   4.9000000e+01   4.9000000e+01   4.5000000e+01   4.5000000e+01   4.5000000e+01
   4.5000000e+01   4.5000000e+01   4.9000000e+01   4.5000000e+01   4.5000000e+01   4.9000000e+01   4.5000000e+01
   3.5000000e+01   3.5000000e+01   3.5000000e+01   3.5000000e+01   3.5000000e+01   3.5000000e+01   3.5000000e+01
   4.8000000e+01   4.8000000e+01   4.9000000e+01   4.8000000e+01   4.5000000e+01   4.8000000e+01   4.9000000e+01
   4.8000000e+01   4.8000000e+01   4.9000000e+01   4.8000000e+01   4.9000000e+01   4.8000000e+01   4.5000000e+01
   4.8000000e+01   4.9000000e+01   4.8000000e+01   4.9000000e+01   4.5000000e+01   4.8000000e+01   4.9000000e+01
   4.9000000e+01   4.8000000e+01   4.8000000e+01   4.9000000e+01   4.9000000e+01   4.8000000e+01   4.5000000e+01
   4.5000000e+01   4.5000000e+01   4.8000000e+01   4.9000000e+01   4.9000000e+01   4.8000000e+01   4.9000000e+01
   4.8000000e+01   4.9000000e+01   4.8000000e+01   4.5000000e+01   4.5000000e+01   4.9000000e+01   4.8000000e+01
   4.8000000e+01   4.9000000e+01   4.9000000e+01   4.5000000e+01   4.5000000e+01   4.8000000e+01   4.8000000e+01
   4.5000000e+01   4.9000000e+01   4.9000000e+01   4.8000000e+01   4.5000000e+01   4.8000000e+01   4.8000000e+01
   4.5000000e+01   4.8000000e+01   4.8000000e+01   4.8000000e+01   4.5000000e+01   4.9000000e+01   4.5000000e+01
   4.5000000e+01   4.5000000e+01   4.8000000e+01   4.5000000e+01   4.8000000e+01   4.9000000e+01   4.8000000e+01
   4.9000000e+01   4.5000000e+01   4.8000000e+01   4.8000000e+01   4.5000000e+01   4.9000000e+01   4.5000000e+01
   4.9000000e+01   4.5000000e+01   4.8000000e+01   4.5000000e+01   4.8000000e+01   4.9000000e+01   4.5000000e+01
   3.5000000e+01   3.5000000e+01   3.5000000e+01   3.5000000e+01   3.5000000e+01   3.5000000e+01   3.5000000e+01
   4.8000000e+01   4.8000000e+01   4.9000000e+01   4.8000000e+01   4.5000000e+01   4.8000000e+01   4.8000000e+01
   4.9000000e+01   4.9000000e+01   4.8000000e+01   4.8000000e+01   4.9000000e+01   4.5000000e+01   4.9000000e+01
   4.8000000e+01   4.8000000e+01   4.5000000e+01   4.8000000e+01   4.9000000e+01   4.8000000e+01   4.5000000e+01
   4.8000000e+01   4.9000000e+01   4.8000000e+01   4.8000000e+01   4.5000000e+01   4.8000000e+01   4.5000000e+01
   4.8000000e+01   4.9000000e+01   4.8000000e+01   4.9000000e+01   4.5000000e+01   4.5000000e+01   4.8000000e+01
   4.9000000e+01   4.8000000e+01   4.8000000e+01   4.5000000e+01   4.9000000e+01   4.8000000e+01   4.5000000e+01
   4.9000000e+01   4.8000000e+01   4.9000000e+01   4.5000000e+01   4.8000000e+01   4.8000000e+01   4.5000000e+01
   4.5000000e+01   4.5000000e+01   4.8000000e+01   4.5000000e+01   4.9000000e+01   4.8000000e+01   4.8000000e+01
   4.8000000e+01   4.5000000e+01   4.5000000e+01   4.9000000e+01   4.8000000e+01   4.9000000e+01   4.5000000e+01
   4.8000000e+01   4.5000000e+01   4.5000000e+01   4.9000000e+01   4.5000000e+01   4.9000000e+01   4.9000000e+01
   4.5000000e+01   4.8000000e+01   4.9000000e+01   4.9000000e+01   4.9000000e+01   4.5000000e+01   4.5000000e+01
   4.5000000e+01   4.9000000e+01   4.5000000e+01   4.9000000e+01   4.5000000e+01   4.9000000e+01   4.9000000e+01
   4.9000000e+01   4.5000000e+01   4.9000000e+01   4.9000000e+01   4.8000000e+01   4.5000000e+01   4.5000000e+01
   4.5000000e+01   4.5000000e+01   4.9000000e+01   4.9000000e+01   4.5000000e+01   4.5000000e+01   4.9000000e+01
   4.5000000e+01   4.5000000e+01   4.9000000e+01   4.9000000e+01   4.5000000e+01   4.9000000e+01   4.5000000e+01
   3.5000000e+01   3.5000000e+01   3.5000000e+01   3.5000000e+01   3.5000000e+01   3.5000000e+01   3.5000000e+01
   4.8000000e+01   4.8000000e+01   4.9000000e+01   4.5000000e+01   4.9000000e+01   4.8000000e+01   4.9000000e+01
   4.5000000e+01   4.8000000e+01   4.5000000e+01   4.8000000e+01   4.8000000e+01   4.8000000e+01   4.8000000e+01
   4.8000000e+01   4.8000000e+01   4.5000000e+01   4.9000000e+01   4.8000000e+01   4.5000000e+01   4.9000000e+01
   4.8000000e+01   4.8000000e+01   4.9000000e+01   4.9000000e+01   4.5000000e+01   4.9000000e+01   4.5000000e+01
   4.5000000e+01   4.9000000e+01   4.8000000e+01   4.9000000e+01   4.5000000e+01   4.8000000e+01   4.9000000e+01
   4.8000000e+01   4.9000000e+01   4.9000000e+01   4.5000000e+01   4.5000000e+01   4.8000000e+01   4.8000000e+01
   4.5000000e+01   4.9000000e+01   4.9000000e+01   4.8000000e+01   4.5000000e+01   4.8000000e+01   4.8000000e+01
   4.9000000e+01   4.8000000e+01   4.8000000e+01   4.8000000e+01   4.5000000e+01   4.8000000e+01   4.5000000e+01
   4.9000000e+01   4.8000000e+01   4.5000000e+01   4.8000000e+01   4.8000000e+01   4.8000000e+01   4.5000000e+01
   4.9000000e+01   4.5000000e+01   4.8000000e+01   4.5000000e+01   4.9000000e+01   4.9000000e+01   4.8000000e+01
   4.9000000e+01   4.8000000e+01   4.8000000e+01   4.9000000e+01   4.8000000e+01   4.5000000e+01   4.5000000e+01
   4.9000000e+01   4.5000000e+01   4.8000000e+01   4.9000000e+01   4.8000000e+01   4.5000000e+01   4.8000000e+01
   4.9000000e+01   4.8000000e+01   4.9000000e+01   4.9000000e+01   4.9000000e+01   4.5000000e+01   4.5000000e+01
   4.5000000e+01   4.8000000e+01   4.8000000e+01   4.5000000e+01   4.8000000e+01   4.8000000e+01   4.5000000e+01
   4.5000000e+01   4.8000000e+01   4.8000000e+01   4.5000000e+01   4.9000000e+01   4.9000000e+01   4.5000000e+01
   4.8000000e+01   4.9000000e+01   4.5000000e+01   4.5000000e+01   4.5000000e+01   4.9000000e+01   4.9000000e+01
   4.5000000e+01   4.9000000e+01   4.9000000e+01   4.5000000e+01   4.5000000e+01   4.9000000e+01   4.9000000e+01
   4.9000000e+01   4.5000000e+01   4.8000000e+01   4.5000000e+01   4.8000000e+01   4.8000000e+01   4.5000000e+01
   4.9000000e+01   4.5000000e+01   4.5000000e+01   4.9000000e+01   4.9000000e+01   4.9000000e+01   4.5000000e+01
   3.5000000e+01   3.5000000e+01   3.5000000e+01   3.5000000e+01   3.5000000e+01   3.5000000e+01   3.5000000e+01
   4.8000000e+01   4.8000000e+01   4.8000000e+01   4.8000000e+01   4.8000000e+01   4.5000000e+01   4.5000000e+01
   4.8000000e+01   4.8000000e+01   4.8000000e+01   4.5000000e+01   4.5000000e+01   4.8000000e+01   4.8000000e+01
   4.8000000e+01   4.5000000e+01   4.8000000e+01   4.8000000e+01   4.5000000e+01   4.8000000e+01   4.9000000e+01
   4.8000000e+01   4.8000000e+01   4.5000000e+01   4.9000000e+01   4.8000000e+01   4.8000000e+01   4.5000000e+01
   4.8000000e+01   4.9000000e+01   4.8000000e+01   4.5000000e+01   4.9000000e+01   4.9000000e+01   4.5000000e+01
   4.5000000e+01   4.9000000e+01   4.9000000e+01   4.9000000e+01   4.8000000e+01   4.5000000e+01   4.8000000e+01
   4.9000000e+01   4.8000000e+01   4.8000000e+01   4.9000000e+01   4.9000000e+01   4.5000000e+01   4.5000000e+01
   4.9000000e+01   4.5000000e+01   4.9000000e+01   4.8000000e+01   4.9000000e+01   4.9000000e+01   4.5000000e+01
   4.5000000e+01   4.5000000e+01   4.8000000e+01   4.5000000e+01   4.8000000e+01   4.9000000e+01   4.9000000e+01
   4.8000000e+01   4.5000000e+01   4.5000000e+01   4.9000000e+01   4.5000000e+01   4.9000000e+01   4.9000000e+01
   4.5000000e+01   4.5000000e+01   4.9000000e+01   4.5000000e+01   4.8000000e+01   4.8000000e+01   4.9000000e+01
   4.8000000e+01   4.5000000e+01   4.9000000e+01   4.5000000e+01   4.5000000e+01   4.9000000e+01   4.9000000e+01
   4.8000000e+01   4.5000000e+01   4.9000000e+01   4.9000000e+01   4.5000000e+01   4.5000000e+01   4.9000000e+01
   4.8000000e+01   4.9000000e+01   4.9000000e+01   4.8000000e+01   4.5000000e+01   4.5000000e+01   4.5000000e+01
   4.5000000e+01   4.9000000e+01   4.9000000e+01   4.5000000e+01   4.9000000e+01   4.8000000e+01   4.5000000e+01
   4.9000000e+01   4.5000000e+01   4.5000000e+01   4.5000000e+01   4.8000000e+01   4.9000000e+01   4.8000000e+01
   4.9000000e+01   4.5000000e+01   4.8000000e+01   4.9000000e+01   4.5000000e+01   4.9000000e+01   4.5000000e+01
   4.9000000e+01   4.8000000e+01   4.9000000e+01   4.5000000e+01   4.8000000e+01   4.5000000e+01   4.5000000e+01
   4.5000000e+01   4.9000000e+01   4.5000000e+01   4.5000000e+01   4.9000000e+01   4.5000000e+01   4.9000000e+01
   3.5000000e+01   3.5000000e+01   3.5000000e+01   3.5000000e+01   3.5000000e+01   3.5000000e+01   3.5000000e+01
   4.8000000e+01   4.8000000e+01   4.5000000e+01   4.8000000e+01   4.8000000e+01   4.8000000e+01   4.8000000e+01
   4.8000000e+01   4.5000000e+01   4.9000000e+01   4.9000000e+01   4.9000000e+01   4.9000000e+01   4.8000000e+01
   4.8000000e+01   4.9000000e+01   4.8000000e+01   4.8000000e+01   4.8000000e+01   4.9000000e+01   4.5000000e+01
   4.8000000e+01   4.8000000e+01   4.8000000e+01   4.5000000e+01   4.8000000e+01   4.8000000e+01   4.5000000e+01
   4.8000000e+01   4.5000000e+01   4.8000000e+01   4.5000000e+01   4.9000000e+01   4.8000000e+01   4.8000000e+01
   4.8000000e+01   4.8000000e+01   4.5000000e+01   4.8000000e+01   4.9000000e+01   4.5000000e+01   4.9000000e+01
   4.8000000e+01   4.5000000e+01   4.9000000e+01   4.8000000e+01   4.5000000e+01   4.9000000e+01   4.9000000e+01
   4.8000000e+01   4.9000000e+01   4.8000000e+01   4.8000000e+01   4.5000000e+01   4.5000000e+01   4.9000000e+01
   4.5000000e+01   4.9000000e+01   4.8000000e+01   4.9000000e+01   4.9000000e+01   4.5000000e+01   4.8000000e+01
   4.5000000e+01   4.9000000e+01   4.9000000e+01   4.8000000e+01   4.5000000e+01   4.9000000e+01   4.9000000e+01
   4.5000000e+01   4.9000000e+01   4.9000000e+01   4.9000000e+01   4.5000000e+01   4.8000000e+01   4.9000000e+01
   4.9000000e+01   4.8000000e+01   4.8000000e+01   4.5000000e+01   4.9000000e+01   4.5000000e+01   4.9000000e+01
   4.9000000e+01   4.8000000e+01   4.8000000e+01   4.5000000e+01   4.9000000e+01   4.9000000e+01   4.5000000e+01
   4.9000000e+01   4.9000000e+01   4.9000000e+01   4.9000000e+01   4.5000000e+01   4.8000000e+01   4.5000000e+01
   4.5000000e+01   4.8000000e+01   4.8000000e+01   4.8000000e+01   4.9000000e+01   4.5000000e+01   4.5000000e+01
   4.9000000e+01   4.5000000e+01   4.8000000e+01   4.8000000e+01   4.9000000e+01   4.5000000e+01   4.5000000e+01
   4.9000000e+01   4.5000000e+01   4.9000000e+01   4.9000000e+01   4.8000000e+01   4.5000000e+01   4.5000000e+01
   3.5000000e+01   3.5000000e+01   3.5000000e+01   3.5000000e+01   3.5000000e+01   3.5000000e+01   3.5000000e+01
   4.8000000e+01   4.8000000e+01   4.9000000e+01   4.5000000e+01   4.8000000e+01   4.9000000e+01   4.8000000e+01
   4.8000000e+01   4.8000000e+01   4.9000000e+01   4.8000000e+01   4.5000000e+01   4.9000000e+01   4.9000000e+01
   4.8000000e+01   4.8000000e+01   4.8000000e+01   4.8000000e+01   4.9000000e+01   4.5000000e+01   4.5000000e+01
   4.8000000e+01   4.8000000e+01   4.8000000e+01   4.5000000e+01   4.9000000e+01   4.8000000e+01   4.5000000e+01
   4.5000000e+01   4.5000000e+01   4.9000000e+01   4.9000000e+01   4.9000000e+01   4.9000000e+01   4.8000000e+01
   4.5000000e+01   4.9000000e+01   4.8000000e+01   4.8000000e+01   4.8000000e+01   4.5000000e+01   4.8000000e+01
   4.5000000e+01   4.9000000e+01   4.8000000e+01   4.5000000e+01   4.9000000e+01   4.8000000e+01   4.9000000e+01
   4.8000000e+01   4.9000000e+01   4.9000000e+01   4.5000000e+01   4.5000000e+01   4.8000000e+01   4.8000000e+01
   4.5000000e+01   4.9000000e+01   4.9000000e+01   4.8000000e+01   4.5000000e+01   4.8000000e+01   4.8000000e+01
   4.5000000e+01   4.9000000e+01   4.5000000e+01   4.5000000e+01   4.8000000e+01   4.8000000e+01   4.8000000e+01
   4.5000000e+01   4.9000000e+01   4.5000000e+01   4.9000000e+01   4.5000000e+01   4.8000000e+01   4.9000000e+01
   4.9000000e+01   4.5000000e+01   4.8000000e+01   4.8000000e+01   4.5000000e+01   4.9000000e+01   4.5000000e+01
   4.9000000e+01   4.5000000e+01   4.5000000e+01   4.9000000e+01   4.8000000e+01   4.5000000e+01   4.8000000e+01
   4.9000000e+01   4.8000000e+01   4.5000000e+01   4.9000000e+01   4.5000000e+01   4.5000000e+01   4.9000000e+01
   4.9000000e+01   4.8000000e+01   4.9000000e+01   4.5000000e+01   4.5000000e+01   4.8000000e+01   4.5000000e+01
   4.9000000e+01   4.5000000e+01   4.8000000e+01   4.5000000e+01   4.8000000e+01   4.5000000e+01   4.5000000e+01
   3.5000000e+01   3.5000000e+01   3.5000000e+01   3.5000000e+01   3.5000000e+01   3.5000000e+01   3.5000000e+01
   4.5000000e+01   4.9000000e+01   4.8000000e+01   4.8000000e+01   4.9000000e+01   4.8000000e+01   4.9000000e+01
   4.8000000e+01   4.8000000e+01   4.5000000e+01   4.5000000e+01   4.8000000e+01   4.8000000e+01   4.9000000e+01
   4.5000000e+01   4.8000000e+01   4.8000000e+01   4.8000000e+01   4.9000000e+01   4.9000000e+01   4.5000000e+01
   4.8000000e+01   4.8000000e+01   4.9000000e+01   4.8000000e+01   4.9000000e+01   4.5000000e+01   4.5000000e+01
   4.5000000e+01   4.8000000e+01   4.9000000e+01   4.5000000e+01   4.9000000e+01   4.8000000e+01   4.9000000e+01
   4.5000000e+01   4.8000000e+01   4.9000000e+01   4.9000000e+01   4.8000000e+01   4.9000000e+01   4.5000000e+01
   4.8000000e+01   4.9000000e+01   4.8000000e+01   4.9000000e+01   4.5000000e+01   4.9000000e+01   4.5000000e+01
   4.9000000e+01   4.5000000e+01   4.8000000e+01   4.8000000e+01   4.5000000e+01   4.9000000e+01   4.8000000e+01
   4.9000000e+01   4.8000000e+01   4.5000000e+01   4.9000000e+01   4.5000000e+01   4.8000000e+01   4.8000000e+01
   4.9000000e+01   4.9000000e+01   4.5000000e+01   4.5000000e+01   4.8000000e+01   4.9000000e+01   4.9000000e+01
   4.5000000e+01   4.8000000e+01   4.8000000e+01   4.5000000e+01   4.8000000e+01   4.8000000e+01   4.5000000e+01
   4.8000000e+01   4.8000000e+01   4.5000000e+01   4.9000000e+01   4.5000000e+01   4.5000000e+01   4.9000000e+01
   4.5000000e+01   4.5000000e+01   4.9000000e+01   4.9000000e+01   4.9000000e+01   4.8000000e+01   4.5000000e+01
   4.5000000e+01   4.9000000e+01   4.8000000e+01   4.5000000e+01   4.8000000e+01   4.5000000e+01   4.8000000e+01
   4.5000000e+01   4.9000000e+01   4.9000000e+01   4.5000000e+01   4.5000000e+01   4.8000000e+01   4.8000000e+01
   4.5000000e+01   4.5000000e+01   4.5000000e+01   4.9000000e+01   4.5000000e+01   4.9000000e+01   4.9000000e+01
   4.5000000e+01   4.5000000e+01   4.9000000e+01   4.9000000e+01   4.5000000e+01   4.5000000e+01   4.9000000e+01
   4.9000000e+01   4.5000000e+01   4.8000000e+01   4.5000000e+01   4.8000000e+01   4.5000000e+01   4.5000000e+01
   4.9000000e+01   4.5000000e+01   4.9000000e+01   4.9000000e+01   4.5000000e+01   4.5000000e+01   4.5000000e+01
   3.5000000e+01   3.5000000e+01   3.5000000e+01   3.5000000e+01   3.5000000e+01   3.5000000e+01   3.5000000e+01
   4.8000000e+01   4.8000000e+01   4.9000000e+01   4.8000000e+01   4.9000000e+01   4.8000000e+01   4.8000000e+01
   4.8000000e+01   4.8000000e+01   4.8000000e+01   4.5000000e+01   4.9000000e+01   4.9000000e+01   4.5000000e+01
   4.8000000e+01   4.8000000e+01   4.5000000e+01   4.9000000e+01   4.9000000e+01   4.5000000e+01   4.9000000e+01
   4.5000000e+01   4.8000000e+01   4.9000000e+01   4.5000000e+01   4.8000000e+01   4.9000000e+01   4.9000000e+01
   4.5000000e+01   4.8000000e+01   4.9000000e+01   4.9000000e+01   4.8000000e+01   4.8000000e+01   4.5000000e+01
   4.5000000e+01   4.9000000e+01   4.8000000e+01   4.8000000e+01   4.9000000e+01   4.8000000e+01   4.5000000e+01
   4.5000000e+01   4.9000000e+01   4.8000000e+01   4.5000000e+01   4.9000000e+01   4.8000000e+01   4.8000000e+01
   4.5000000e+01   4.9000000e+01   4.5000000e+01   4.8000000e+01   4.9000000e+01   4.9000000e+01   4.8000000e+01
   4.5000000e+01   4.9000000e+01   4.8000000e+01   4.9000000e+01   4.5000000e+01   4.9000000e+01   4.9000000e+01
   4.5000000e+01   4.9000000e+01   4.9000000e+01   4.5000000e+01   4.8000000e+01   4.9000000e+01   4.8000000e+01
   4.8000000e+01   4.5000000e+01   4.8000000e+01   4.9000000e+01   4.5000000e+01   4.9000000e+01   4.5000000e+01
   4.5000000e+01   4.5000000e+01   4.5000000e+01   4.9000000e+01   4.9000000e+01   4.9000000e+01   4.9000000e+01
   4.5000000e+01   4.8000000e+01   4.9000000e+01   4.9000000e+01   4.5000000e+01   4.5000000e+01   4.9000000e+01
   4.8000000e+01   4.9000000e+01   4.5000000e+01   4.9000000e+01   4.5000000e+01   4.9000000e+01   4.5000000e+01
   4.5000000e+01   4.9000000e+01   4.9000000e+01   4.5000000e+01   4.5000000e+01   4.8000000e+01   4.9000000e+01
   4.9000000e+01   4.5000000e+01   4.5000000e+01   4.8000000e+01   4.8000000e+01   4.5000000e+01   4.9000000e+01
   4.9000000e+01   4.8000000e+01   4.5000000e+01   4.8000000e+01   4.5000000e+01   4.9000000e+01   4.5000000e+01
   4.9000000e+01   4.5000000e+01   4.5000000e+01   4.9000000e+01   4.8000000e+01   4.8000000e+01   4.5000000e+01
   4.9000000e+01   4.8000000e+01   4.9000000e+01   4.5000000e+01   4.8000000e+01   4.5000000e+01   4.5000000e+01
   4.9000000e+01   4.5000000e+01   4.8000000e+01   4.8000000e+01   4.5000000e+01   4.5000000e+01   4.5000000e+01
   3.5000000e+01   3.5000000e+01   3.5000000e+01   3.5000000e+01   3.5000000e+01   3.5000000e+01   3.5000000e+01
   4.8000000e+01   4.8000000e+01   4.9000000e+01   4.5000000e+01   4.9000000e+01   4.9000000e+01   4.8000000e+01
   4.5000000e+01   4.9000000e+01   4.9000000e+01   4.8000000e+01   4.9000000e+01   4.9000000e+01   4.9000000e+01
   4.8000000e+01   4.9000000e+01   4.9000000e+01   4.9000000e+01   4.5000000e+01   4.9000000e+01   4.8000000e+01
   4.9000000e+01   4.8000000e+01   4.8000000e+01   4.5000000e+01   4.9000000e+01   4.8000000e+01   4.9000000e+01
   4.8000000e+01   4.8000000e+01   4.8000000e+01   4.5000000e+01   4.8000000e+01   4.8000000e+01   4.5000000e+01
   4.8000000e+01   4.8000000e+01   4.8000000e+01   4.5000000e+01   4.8000000e+01   4.5000000e+01   4.8000000e+01
   4.8000000e+01   4.5000000e+01   4.8000000e+01   4.8000000e+01   4.8000000e+01   4.5000000e+01   4.9000000e+01
   4.8000000e+01   4.8000000e+01   4.8000000e+01   4.8000000e+01   4.5000000e+01   4.9000000e+01   4.5000000e+01
   4.8000000e+01   4.5000000e+01   4.8000000e+01   4.8000000e+01   4.8000000e+01   4.9000000e+01   4.5000000e+01
   4.8000000e+01   4.9000000e+01   4.5000000e+01   4.8000000e+01   4.5000000e+01   4.9000000e+01   4.9000000e+01
   4.5000000e+01   4.9000000e+01   4.9000000e+01   4.9000000e+01   4.5000000e+01   4.8000000e+01   4.9000000e+01
   4.9000000e+01   4.8000000e+01   4.8000000e+01   4.8000000e+01   4.9000000e+01   4.5000000e+01   4.5000000e+01
   4.9000000e+01   4.5000000e+01   4.8000000e+01   4.5000000e+01   4.9000000e+01   4.9000000e+01   4.8000000e+01
   4.9000000e+01   4.8000000e+01   4.9000000e+01   4.9000000e+01   4.5000000e+01   4.5000000e+01   4.9000000e+01
   4.9000000e+01   4.9000000e+01   4.9000000e+01   4.9000000e+01   4.5000000e+01   4.8000000e+01   4.5000000e+01
   4.9000000e+01   4.5000000e+01   4.5000000e+01   4.9000000e+01   4.8000000e+01   4.9000000e+01   4.5000000e+01
   4.9000000e+01   4.5000000e+01   4.9000000e+01   4.9000000e+01   4.8000000e+01   4.5000000e+01   4.5000000e+01
   3.5000000e+01   3.5000000e+01   3.5000000e+01   3.5000000e+01   3.5000000e+01   3.5000000e+01   3.5000000e+01
   4.8000000e+01   4.9000000e+01   4.5000000e+01   4.9000000e+01   4.9000000e+01   4.9000000e+01   4.8000000e+01
   4.8000000e+01   4.8000000e+01   4.5000000e+01   4.5000000e+01   4.9000000e+01   4.8000000e+01   4.8000000e+01
   4.5000000e+01   4.5000000e+01   4.8000000e+01   4.9000000e+01   4.8000000e+01   4.9000000e+01   4.8000000e+01
   4.8000000e+01   4.8000000e+01   4.9000000e+01   4.8000000e+01   4.5000000e+01   4.5000000e+01   4.9000000e+01
   4.8000000e+01   4.5000000e+01   4.9000000e+01   4.9000000e+01   4.5000000e+01   4.8000000e+01   4.8000000e+01
   4.8000000e+01   4.9000000e+01   4.5000000e+01   4.8000000e+01   4.8000000e+01   4.8000000e+01   4.5000000e+01
   4.8000000e+01   4.9000000e+01   4.8000000e+01   4.5000000e+01   4.8000000e+01   4.5000000e+01   4.8000000e+01
   4.5000000e+01   4.9000000e+01   4.8000000e+01   4.5000000e+01   4.9000000e+01   4.8000000e+01   4.9000000e+01
   4.5000000e+01   4.9000000e+01   4.9000000e+01   4.8000000e+01   4.5000000e+01   4.8000000e+01   4.9000000e+01
   4.9000000e+01   4.8000000e+01   4.8000000e+01   4.5000000e+01   4.8000000e+01   4.9000000e+01   4.5000000e+01
   4.9000000e+01   4.8000000e+01   4.9000000e+01   4.5000000e+01   4.9000000e+01   4.5000000e+01   4.9000000e+01
   4.8000000e+01   4.8000000e+01   4.5000000e+01   4.8000000e+01   4.9000000e+01   4.5000000e+01   4.5000000e+01
   4.5000000e+01   4.5000000e+01   4.9000000e+01   4.8000000e+01   4.5000000e+01   4.9000000e+01   4.8000000e+01
   4.5000000e+01   4.5000000e+01   4.9000000e+01   4.8000000e+01   4.9000000e+01   4.8000000e+01   4.5000000e+01
   4.9000000e+01   4.5000000e+01   4.8000000e+01   4.8000000e+01   4.5000000e+01   4.9000000e+01   4.5000000e+01
   4.9000000e+01   4.5000000e+01   4.5000000e+01   4.8000000e+01   4.8000000e+01   4.9000000e+01   4.5000000e+01
   3.5000000e+01   3.5000000e+01   3.5000000e+01   3.5000000e+01   3.5000000e+01   3.5000000e+01   3.5000000e+01
   4.8000000e+01   4.8000000e+01   4.8000000e+01   4.9000000e+01   4.9000000e+01   4.8000000e+01   4.9000000e+01
   4.8000000e+01   4.8000000e+01   4.9000000e+01   4.5000000e+01   4.8000000e+01   4.8000000e+01   4.8000000e+01
   4.8000000e+01   4.9000000e+01   4.8000000e+01   4.9000000e+01   4.9000000e+01   4.5000000e+01   4.8000000e+01
   4.9000000e+01   4.8000000e+01   4.9000000e+01   4.9000000e+01   4.9000000e+01   4.5000000e+01   4.9000000e+01
   4.9000000e+01   4.9000000e+01   4.5000000e+01   4.9000000e+01   4.9000000e+01   4.8000000e+01   4.8000000e+01
   4.9000000e+01   4.9000000e+01   4.9000000e+01   4.5000000e+01   4.8000000e+01   4.9000000e+01   4.9000000e+01
   4.8000000e+01   4.8000000e+01   4.9000000e+01   4.8000000e+01   4.5000000e+01   4.5000000e+01   4.9000000e+01
   4.5000000e+01   4.8000000e+01   4.9000000e+01   4.8000000e+01   4.5000000e+01   4.9000000e+01   4.9000000e+01
   4.5000000e+01   4.9000000e+01   4.8000000e+01   4.8000000e+01   4.9000000e+01   4.8000000e+01   4.5000000e+01
   4.5000000e+01   4.9000000e+01   4.9000000e+01   4.8000000e+01   4.5000000e+01   4.8000000e+01   4.9000000e+01
   4.5000000e+01   4.9000000e+01   4.9000000e+01   4.8000000e+01   4.5000000e+01   4.9000000e+01   4.8000000e+01
   4.9000000e+01   4.5000000e+01   4.8000000e+01   4.8000000e+01   4.9000000e+01   4.8000000e+01   4.5000000e+01
   4.9000000e+01   4.5000000e+01   4.8000000e+01   4.5000000e+01   4.9000000e+01   4.8000000e+01   4.8000000e+01
   4.9000000e+01   4.5000000e+01   4.8000000e+01   4.9000000e+01   4.8000000e+01   4.9000000e+01   4.5000000e+01
   4.9000000e+01   4.8000000e+01   4.9000000e+01   4.8000000e+01   4.5000000e+01   4.5000000e+01   4.8000000e+01
   4.5000000e+01   4.8000000e+01   4.9000000e+01   4.8000000e+01   4.8000000e+01   4.5000000e+01   4.5000000e+01
   3.5000000e+01   3.5000000e+01   3.5000000e+01   3.5000000e+01   3.5000000e+01   3.5000000e+01   3.5000000e+01
   4.8000000e+01   4.8000000e+01   4.5000000e+01   4.8000000e+01   4.9000000e+01   4.8000000e+01   4.8000000e+01
   4.8000000e+01   4.8000000e+01   4.5000000e+01   4.9000000e+01   4.9000000e+01   4.9000000e+01   4.5000000e+01
   4.5000000e+01   4.8000000e+01   4.9000000e+01   4.8000000e+01   4.5000000e+01   4.9000000e+01   4.9000000e+01
   4.8000000e+01   4.9000000e+01   4.5000000e+01   4.8000000e+01   4.5000000e+01   4.9000000e+01   4.8000000e+01
   4.9000000e+01   4.9000000e+01   4.8000000e+01   4.8000000e+01   4.5000000e+01   4.5000000e+01   4.9000000e+01
   4.8000000e+01   4.8000000e+01   4.8000000e+01   4.5000000e+01   4.5000000e+01   4.8000000e+01   4.5000000e+01
   4.5000000e+01   4.8000000e+01   4.5000000e+01   4.5000000e+01   4.8000000e+01   4.8000000e+01   4.9000000e+01
   4.5000000e+01   4.5000000e+01   4.8000000e+01   4.8000000e+01   4.9000000e+01   4.8000000e+01   4.5000000e+01
   4.8000000e+01   4.8000000e+01   4.5000000e+01   4.9000000e+01   4.5000000e+01   4.5000000e+01   4.9000000e+01
   4.5000000e+01   4.8000000e+01   4.9000000e+01   4.9000000e+01   4.8000000e+01   4.5000000e+01   4.5000000e+01
   4.8000000e+01   4.9000000e+01   4.8000000e+01   4.5000000e+01   4.5000000e+01   4.5000000e+01   4.8000000e+01
   4.5000000e+01   4.9000000e+01   4.8000000e+01   4.5000000e+01   4.5000000e+01   4.8000000e+01   4.8000000e+01
   4.5000000e+01   4.9000000e+01   4.5000000e+01   4.5000000e+01   4.8000000e+01   4.9000000e+01   4.8000000e+01
   4.5000000e+01   4.9000000e+01   4.5000000e+01   4.9000000e+01   4.5000000e+01   4.9000000e+01   4.9000000e+01
   4.5000000e+01   4.9000000e+01   4.9000000e+01   4.5000000e+01   4.5000000e+01   4.8000000e+01   4.9000000e+01
   4.9000000e+01   4.5000000e+01   4.9000000e+01   4.5000000e+01   4.5000000e+01   4.9000000e+01   4.8000000e+01
   4.9000000e+01   4.5000000e+01   4.9000000e+01   4.9000000e+01   4.5000000e+01   4.5000000e+01   4.8000000e+01
   4.5000000e+01   4.5000000e+01   4.5000000e+01   4.9000000e+01   4.8000000e+01   4.5000000e+01   4.9000000e+01
   4.9000000e+01   4.8000000e+01   4.5000000e+01   4.5000000e+01   4.8000000e+01   4.5000000e+01   4.5000000e+01
   4.9000000e+01   4.5000000e+01   4.5000000e+01   4.5000000e+01   4.8000000e+01   4.5000000e+01   4.9000000e+01
   3.5000000e+01   3.5000000e+01   3.5000000e+01   3.5000000e+01   3.5000000e+01   3.5000000e+01   3.5000000e+01
   4.8000000e+01   4.5000000e+01   4.9000000e+01   4.8000000e+01   4.8000000e+01   4.8000000e+01   4.8000000e+01
   4.9000000e+01   4.5000000e+01   4.9000000e+01   4.8000000e+01   4.9000000e+01   4.8000000e+01   4.8000000e+01
   4.9000000e+01   4.9000000e+01   4.9000000e+01   4.5000000e+01   4.8000000e+01   4.9000000e+01   4.9000000e+01
   4.8000000e+01   4.8000000e+01   4.5000000e+01   4.5000000e+01   4.8000000e+01   4.8000000e+01   4.9000000e+01
   4.8000000e+01   4.8000000e+01   4.5000000e+01   4.8000000e+01   4.5000000e+01   4.9000000e+01   4.8000000e+01
   4.5000000e+01   4.8000000e+01   4.9000000e+01   4.9000000e+01   4.9000000e+01   4.5000000e+01   4.9000000e+01
   4.8000000e+01   4.9000000e+01   4.8000000e+01   4.9000000e+01   4.9000000e+01   4.5000000e+01   4.5000000e+01
   4.5000000e+01   4.9000000e+01   4.5000000e+01   4.9000000e+01   4.9000000e+01   4.9000000e+01   4.9000000e+01
   4.8000000e+01   4.9000000e+01   4.9000000e+01   4.9000000e+01   4.5000000e+01   4.5000000e+01   4.8000000e+01
   4.9000000e+01   4.5000000e+01   4.8000000e+01   4.5000000e+01   4.8000000e+01   4.9000000e+01   4.8000000e+01
   4.8000000e+01   4.8000000e+01   4.8000000e+01   4.5000000e+01   4.8000000e+01   4.5000000e+01   4.5000000e+01
   4.5000000e+01   4.8000000e+01   4.8000000e+01   4.8000000e+01   4.5000000e+01   4.9000000e+01   4.5000000e+01
   4.5000000e+01   4.8000000e+01   4.8000000e+01   4.5000000e+01   4.8000000e+01   4.9000000e+01   4.5000000e+01
   4.8000000e+01   4.5000000e+01   4.5000000e+01   4.9000000e+01   4.5000000e+01   4.9000000e+01   4.9000000e+01
   4.5000000e+01   4.9000000e+01   4.8000000e+01   4.5000000e+01   4.9000000e+01   4.8000000e+01   4.5000000e+01
   4.5000000e+01   4.9000000e+01   4.5000000e+01   4.5000000e+01   4.9000000e+01   4.8000000e+01   4.8000000e+01
   4.9000000e+01   4.5000000e+01   4.8000000e+01   4.8000000e+01   4.5000000e+01   4.9000000e+01   4.5000000e+01
   3.5000000e+01   3.5000000e+01   3.5000000e+01   3.5000000e+01   3.5000000e+01   3.5000000e+01   3.5000000e+01
   4.8000000e+01   4.8000000e+01   4.8000000e+01   4.9000000e+01   4.8000000e+01   4.9000000e+01   4.8000000e+01
   4.9000000e+01   4.9000000e+01   4.9000000e+01   4.8000000e+01   4.8000000e+01   4.8000000e+01   4.8000000e+01
   4.8000000e+01   4.8000000e+01   4.9000000e+01   4.8000000e+01   4.8000000e+01   4.5000000e+01   4.9000000e+01
   4.8000000e+01   4.8000000e+01   4.9000000e+01   4.8000000e+01   4.5000000e+01   4.9000000e+01   4.9000000e+01
   4.8000000e+01   4.8000000e+01   4.9000000e+01   4.9000000e+01   4.9000000e+01   4.5000000e+01   4.8000000e+01
   4.8000000e+01   4.9000000e+01   4.8000000e+01   4.8000000e+01   4.5000000e+01   4.8000000e+01   4.9000000e+01
   4.8000000e+01   4.9000000e+01   4.9000000e+01   4.9000000e+01   4.5000000e+01   4.9000000e+01   4.8000000e+01
   4.9000000e+01   4.8000000e+01   4.9000000e+01   4.5000000e+01   4.9000000e+01   4.8000000e+01   4.9000000e+01
   4.9000000e+01   4.8000000e+01   4.9000000e+01   4.9000000e+01   4.9000000e+01   4.5000000e+01   4.9000000e+01
   4.9000000e+01   4.9000000e+01   4.5000000e+01   4.9000000e+01   4.9000000e+01   4.8000000e+01   4.8000000e+01
   4.8000000e+01   4.8000000e+01   4.8000000e+01   4.5000000e+01   4.9000000e+01   4.8000000e+01   4.5000000e+01
   4.5000000e+01   4.9000000e+01   4.8000000e+01   4.8000000e+01   4.9000000e+01   4.8000000e+01   4.5000000e+01
   4.8000000e+01   4.9000000e+01   4.8000000e+01   4.5000000e+01   4.9000000e+01   4.5000000e+01   4.8000000e+01
   4.9000000e+01   4.5000000e+01   4.8000000e+01   4.8000000e+01   4.8000000e+01   4.9000000e+01   4.5000000e+01
   3.5000000e+01   3.5000000e+01   3.5000000e+01   3.5000000e+01   3.5000000e+01   3.5000000e+01   3.5000000e+01
   4.8000000e+01   4.9000000e+01   4.8000000e+01   4.8000000e+01   4.8000000e+01   4.8000000e+01   4.9000000e+01
   4.8000000e+01   4.8000000e+01   4.5000000e+01   4.9000000e+01   4.8000000e+01   4.9000000e+01   4.8000000e+01
   4.5000000e+01   4.8000000e+01   4.8000000e+01   4.9000000e+01   4.9000000e+01   4.8000000e+01   4.9000000e+01
   4.8000000e+01   4.8000000e+01   4.9000000e+01   4.8000000e+01   4.8000000e+01   4.5000000e+01   4.8000000e+01
   4.8000000e+01   4.8000000e+01   4.9000000e+01   4.8000000e+01   4.5000000e+01   4.9000000e+01   4.8000000e+01
   4.8000000e+01   4.9000000e+01   4.8000000e+01   4.8000000e+01   4.5000000e+01   4.9000000e+01   4.8000000e+01
   4.5000000e+01   4.9000000e+01   4.9000000e+01   4.9000000e+01   4.9000000e+01   4.9000000e+01   4.8000000e+01
   4.9000000e+01   4.9000000e+01   4.8000000e+01   4.8000000e+01   4.5000000e+01   4.9000000e+01   4.9000000e+01
   4.9000000e+01   4.9000000e+01   4.5000000e+01   4.8000000e+01   4.8000000e+01   4.9000000e+01   4.9000000e+01
   4.8000000e+01   4.9000000e+01   4.8000000e+01   4.5000000e+01   4.9000000e+01   4.5000000e+01   4.8000000e+01
   4.5000000e+01   4.9000000e+01   4.8000000e+01   4.5000000e+01   4.9000000e+01   4.8000000e+01   4.8000000e+01
   4.5000000e+01   4.9000000e+01   4.5000000e+01   4.8000000e+01   4.9000000e+01   4.8000000e+01   4.8000000e+01
   4.8000000e+01   4.9000000e+01   4.9000000e+01   4.5000000e+01   4.5000000e+01   4.8000000e+01   4.8000000e+01
   4.9000000e+01   4.8000000e+01   4.8000000e+01   4.5000000e+01   4.8000000e+01   4.9000000e+01   4.5000000e+01
   4.9000000e+01   4.5000000e+01   4.8000000e+01   4.5000000e+01   4.8000000e+01   4.9000000e+01   4.8000000e+01
   4.9000000e+01   4.8000000e+01   4.5000000e+01   4.8000000e+01   4.9000000e+01   4.8000000e+01   4.5000000e+01
   4.9000000e+01   4.8000000e+01   4.5000000e+01   4.9000000e+01   4.9000000e+01   4.5000000e+01   4.9000000e+01
   4.9000000e+01   4.8000000e+01   4.9000000e+01   4.9000000e+01   4.9000000e+01   4.5000000e+01   4.5000000e+01
   3.5000000e+01   3.5000000e+01   3.5000000e+01   3.5000000e+01   3.5000000e+01   3.5000000e+01   3.5000000e+01
   4.8000000e+01   4.8000000e+01   4.8000000e+01   4.9000000e+01   4.8000000e+01   4.9000000e+01   4.8000000e+01
   4.8000000e+01   4.8000000e+01   4.9000000e+01   4.8000000e+01   4.9000000e+01   4.9000000e+01   4.9000000e+01
   4.8000000e+01   4.8000000e+01   4.9000000e+01   4.9000000e+01   4.9000000e+01   4.9000000e+01   4.8000000e+01
   4.8000000e+01   4.9000000e+01   4.8000000e+01   4.8000000e+01   4.8000000e+01   4.8000000e+01   4.9000000e+01
   4.9000000e+01   4.8000000e+01   4.8000000e+01   4.9000000e+01   4.9000000e+01   4.8000000e+01   4.5000000e+01
   4.9000000e+01   4.9000000e+01   4.5000000e+01   4.9000000e+01   4.8000000e+01   4.9000000e+01   4.9000000e+01
   4.5000000e+01   4.5000000e+01   4.8000000e+01   4.9000000e+01   4.9000000e+01   4.8000000e+01   4.9000000e+01
   3.5000000e+01   3.5000000e+01   3.5000000e+01   3.5000000e+01   3.5000000e+01   3.5000000e+01   3.5000000e+01
